source,nii.1,nii.2,nii.3,nii.4,nii.5,nii.6,nii.8
nii.1,1.00,0.91,0.90,0.89,0.91,0.91,0.91
nii.2,0.91,1.00,0.89,0.89,0.91,0.92,0.90
nii.3,0.90,0.89,1.00,0.88,0.89,0.90,0.89
nii.4,0.89,0.89,0.88,1.00,0.90,0.89,0.89
nii.5,0.91,0.91,0.89,0.90,1.00,0.92,0.91
nii.6,0.91,0.92,0.90,0.89,0.92,1.00,0.90
nii.8,0.91,0.90,0.89,0.89,0.91,0.90,1.00